0 79
1 83
2 85
3 85
4 79
5 79
6 79
7 81
8 87
9 85
10 87
11 81
12 81
13 85
14 73
15 83
16 85
17 89
18 79
19 83
20 79
21 79
22 81
23 81
24 85
25 87
26 79
27 83
28 75
29 79
30 85
31 85
32 87
33 85
34 81
35 81
36 81
37 83
38 81
39 79
40 85
41 81
42 93
43 83
44 83
45 87
46 81
47 81
48 87
49 83
50 79
51 81
52 77
53 89
54 75
55 83
56 81
57 77
58 83
59 81
60 81
61 85
62 81
63 85
64 81
65 81
66 81
67 79
68 87
69 81
70 79
71 87
72 85
73 81
74 85
75 79
76 75
77 89
78 83
79 79
80 85
81 83
82 81
83 81
84 85
85 87
86 75
87 79
88 81
89 83
90 79
91 81
92 77
93 83
94 81
95 85
96 81
97 87
98 85
99 89
